1 0.28 0.28 0.142857 0.28 0.333333 0.185185 0.230769 0.230769 0.230769 0.185185 0.333333 0.230769 0.185185 0.28 0.230769 0.185185 0.185185 0.230769 0.185185 0.178571 0.230769 0.148148 0.142857 0.185185 0.142857 0.142857 0.185185 0.142857 0.192308 0.117647 0.125 0 0 
0.28 1 0.333333 0.230769 0.230769 0.185185 0.103448 0.185185 0.230769 0.28 0.185185 0.230769 0.28 0.142857 0.142857 0.185185 0.230769 0.28 0.185185 0.230769 0.178571 0.185185 0.148148 0.185185 0.230769 0.185185 0.142857 0.103448 0.185185 0.107143 0.1875 0.16129 0 0.0322581 
0.28 0.333333 1 0.28 0.28 0.28 0.230769 0.28 0.142857 0.185185 0.230769 0.230769 0.230769 0.142857 0.230769 0.28 0.230769 0.185185 0.142857 0.230769 0.137931 0.0666667 0.148148 0.185185 0.230769 0.185185 0.230769 0.103448 0.142857 0.192308 0.1875 0.16129 0 0 
0.142857 0.230769 0.28 1 0.185185 0.142857 0.28 0.230769 0.28 0.142857 0.230769 0.28 0.142857 0.103448 0.185185 0.142857 0.230769 0.142857 0.185185 0.28 0.137931 0.142857 0.347826 0.230769 0.142857 0.333333 0.28 0.142857 0.0666667 0.192308 0.225806 0.2 0 0 
0.28 0.230769 0.28 0.185185 1 0.333333 0.142857 0.28 0.103448 0.230769 0.185185 0.185185 0.230769 0.185185 0.28 0.142857 0.333333 0.185185 0.185185 0.185185 0.222222 0.230769 0.0689655 0.185185 0.142857 0.185185 0.185185 0.103448 0.230769 0.148148 0.266667 0.16129 0.0322581 0.0322581 
0.333333 0.185185 0.28 0.142857 0.333333 1 0.142857 0.28 0.28 0.230769 0.103448 0.142857 0.28 0.185185 0.185185 0.333333 0.185185 0.103448 0.185185 0.142857 0.222222 0.230769 0.148148 0.142857 0.103448 0.185185 0.185185 0.103448 0.28 0.192308 0.151515 0.285714 0.0322581 0 
0.185185 0.103448 0.230769 0.28 0.142857 0.142857 1 0.230769 0.185185 0.142857 0.185185 0.230769 0.185185 0.230769 0.230769 0.333333 0.185185 0.28 0.230769 0.333333 0.0645161 0.230769 0.291667 0.103448 0.185185 0.103448 0.142857 0.185185 0.185185 0.24 0.266667 0.241379 0.0322581 0 
0.230769 0.185185 0.28 0.230769 0.28 0.28 0.230769 1 0.230769 0.391304 0.185185 0.185185 0.185185 0.230769 0.230769 0.230769 0.0666667 0.185185 0.103448 0.230769 0.222222 0.142857 0.24 0.185185 0.103448 0.230769 0.230769 0.185185 0.142857 0.24 0.225806 0.16129 0.0666667 0.0322581 
0.230769 0.230769 0.142857 0.28 0.103448 0.28 0.185185 0.230769 1 0.185185 0.185185 0.230769 0.185185 0.28 0.103448 0.28 0.0666667 0.185185 0.28 0.185185 0.1 0.28 0.347826 0.185185 0.103448 0.28 0.185185 0.230769 0.142857 0.291667 0.151515 0.2 0 0 
0.230769 0.28 0.185185 0.142857 0.230769 0.230769 0.142857 0.391304 0.185185 1 0.28 0.230769 0.142857 0.230769 0.28 0.230769 0.185185 0.230769 0.142857 0.185185 0.178571 0.185185 0.192308 0.142857 0.103448 0.185185 0.103448 0.142857 0.185185 0.148148 0.266667 0.125 0.0666667 0.0322581 
0.185185 0.185185 0.230769 0.230769 0.185185 0.103448 0.185185 0.185185 0.185185 0.28 1 0.28 0.142857 0.230769 0.333333 0.230769 0.185185 0.230769 0.103448 0.142857 0.269231 0.142857 0.148148 0.142857 0.142857 0.185185 0.28 0.28 0.142857 0.107143 0.310345 0.125 0.0666667 0.0322581 
0.333333 0.230769 0.230769 0.28 0.185185 0.142857 0.230769 0.185185 0.230769 0.230769 0.28 1 0.185185 0.142857 0.28 0.230769 0.185185 0.142857 0.142857 0.28 0.1 0.230769 0.24 0.28 0.103448 0.333333 0.230769 0.142857 0.103448 0.24 0.151515 0.125 0.0322581 0.0322581 
0.230769 0.28 0.230769 0.142857 0.230769 0.28 0.185185 0.185185 0.185185 0.142857 0.142857 0.185185 1 0.230769 0.142857 0.185185 0.230769 0.185185 0.391304 0.230769 0.137931 0.230769 0.192308 0.142857 0.185185 0.142857 0.103448 0.185185 0.230769 0.192308 0.225806 0.285714 0 0.0322581 
0.185185 0.142857 0.142857 0.103448 0.185185 0.185185 0.230769 0.230769 0.28 0.230769 0.230769 0.142857 0.230769 1 0.142857 0.230769 0.103448 0.185185 0.28 0.230769 0.178571 0.28 0.24 0.142857 0.142857 0.185185 0.103448 0.28 0.185185 0.24 0.266667 0.241379 0.0322581 0 
0.28 0.142857 0.230769 0.185185 0.28 0.185185 0.230769 0.230769 0.103448 0.28 0.333333 0.28 0.142857 0.142857 1 0.185185 0.28 0.142857 0.103448 0.142857 0.222222 0.103448 0.0689655 0.230769 0.185185 0.142857 0.185185 0.142857 0.142857 0.107143 0.357143 0.125 0.0322581 0.0322581 
0.230769 0.185185 0.28 0.142857 0.142857 0.333333 0.333333 0.230769 0.28 0.230769 0.230769 0.230769 0.185185 0.230769 0.185185 1 0.185185 0.230769 0.230769 0.333333 0.1 0.230769 0.148148 0.103448 0.103448 0.142857 0.142857 0.142857 0.28 0.24 0.1875 0.16129 0.0322581 0.0322581 
0.185185 0.230769 0.230769 0.230769 0.333333 0.185185 0.185185 0.0666667 0.0666667 0.185185 0.185185 0.185185 0.230769 0.103448 0.28 0.185185 1 0.142857 0.28 0.230769 0.178571 0.230769 0.0689655 0.142857 0.28 0.103448 0.185185 0.103448 0.185185 0.107143 0.310345 0.2 0 0 
0.185185 0.28 0.185185 0.142857 0.185185 0.103448 0.28 0.185185 0.185185 0.230769 0.230769 0.142857 0.185185 0.185185 0.142857 0.230769 0.142857 1 0.185185 0.230769 0.178571 0.230769 0.192308 0.103448 0.230769 0.103448 0.103448 0.28 0.230769 0.107143 0.225806 0.2 0.0322581 0 
0.230769 0.185185 0.142857 0.185185 0.185185 0.185185 0.230769 0.103448 0.28 0.142857 0.103448 0.142857 0.391304 0.28 0.103448 0.230769 0.28 0.185185 1 0.230769 0.1 0.230769 0.192308 0.103448 0.230769 0.103448 0.0666667 0.28 0.230769 0.24 0.225806 0.285714 0.0322581 0.0322581 
0.185185 0.230769 0.230769 0.28 0.185185 0.142857 0.333333 0.230769 0.185185 0.185185 0.142857 0.28 0.230769 0.230769 0.142857 0.333333 0.230769 0.230769 0.230769 1 0.1 0.230769 0.291667 0.185185 0.142857 0.185185 0.230769 0.103448 0.142857 0.24 0.151515 0.125 0 0 
0.178571 0.178571 0.137931 0.137931 0.222222 0.222222 0.0645161 0.222222 0.1 0.178571 0.269231 0.1 0.137931 0.178571 0.222222 0.1 0.178571 0.178571 0.1 0.1 1 0.137931 0.103448 0.222222 0.222222 0.222222 0.269231 0.222222 0.222222 0.142857 0.344828 0.275862 0 0 
0.230769 0.185185 0.0666667 0.142857 0.230769 0.230769 0.230769 0.142857 0.28 0.185185 0.142857 0.230769 0.230769 0.28 0.103448 0.230769 0.230769 0.230769 0.230769 0.230769 0.137931 1 0.24 0.103448 0.142857 0.142857 0.185185 0.230769 0.185185 0.192308 0.1875 0.241379 0.0322581 0.0322581 
0.148148 0.148148 0.148148 0.347826 0.0689655 0.148148 0.291667 0.24 0.347826 0.192308 0.148148 0.24 0.192308 0.24 0.0689655 0.148148 0.0689655 0.192308 0.192308 0.291667 0.103448 0.24 1 0.192308 0.148148 0.347826 0.24 0.192308 0.0689655 0.25 0.15625 0.25 0.0333333 0 
0.142857 0.185185 0.185185 0.230769 0.185185 0.142857 0.103448 0.185185 0.185185 0.142857 0.142857 0.28 0.142857 0.142857 0.230769 0.103448 0.142857 0.103448 0.103448 0.185185 0.222222 0.103448 0.192308 1 0.230769 0.52381 0.333333 0.185185 0.185185 0.24 0.310345 0.285714 0.0666667 0.103448 
0.185185 0.230769 0.230769 0.142857 0.142857 0.103448 0.185185 0.103448 0.103448 0.103448 0.142857 0.103448 0.185185 0.142857 0.185185 0.103448 0.28 0.230769 0.230769 0.142857 0.222222 0.142857 0.148148 0.230769 1 0.142857 0.230769 0.391304 0.230769 0.148148 0.407407 0.384615 0 0 
0.142857 0.185185 0.185185 0.333333 0.185185 0.185185 0.103448 0.230769 0.28 0.185185 0.185185 0.333333 0.142857 0.185185 0.142857 0.142857 0.103448 0.103448 0.103448 0.185185 0.222222 0.142857 0.347826 0.52381 0.142857 1 0.391304 0.185185 0.103448 0.24 0.225806 0.241379 0.0666667 0.0322581 
0.142857 0.142857 0.230769 0.28 0.185185 0.185185 0.142857 0.230769 0.185185 0.103448 0.28 0.230769 0.103448 0.103448 0.185185 0.142857 0.185185 0.103448 0.0666667 0.230769 0.269231 0.185185 0.24 0.333333 0.230769 0.391304 1 0.185185 0.142857 0.192308 0.225806 0.2 0.0322581 0.0322581 
0.185185 0.103448 0.103448 0.142857 0.103448 0.103448 0.185185 0.185185 0.230769 0.142857 0.28 0.142857 0.185185 0.28 0.142857 0.142857 0.103448 0.28 0.28 0.103448 0.222222 0.230769 0.192308 0.185185 0.391304 0.185185 0.185185 1 0.185185 0.24 0.310345 0.333333 0 0.0322581 
0.142857 0.185185 0.142857 0.0666667 0.230769 0.28 0.185185 0.142857 0.142857 0.185185 0.142857 0.103448 0.230769 0.185185 0.142857 0.28 0.185185 0.230769 0.230769 0.142857 0.222222 0.185185 0.0689655 0.185185 0.230769 0.103448 0.142857 0.185185 1 0.148148 0.357143 0.384615 0 0 
0.192308 0.107143 0.192308 0.192308 0.148148 0.192308 0.24 0.24 0.291667 0.148148 0.107143 0.24 0.192308 0.24 0.107143 0.24 0.107143 0.107143 0.24 0.24 0.142857 0.192308 0.25 0.24 0.148148 0.24 0.192308 0.24 0.148148 1 0.193548 0.25 0 0.0333333 
0.117647 0.1875 0.1875 0.225806 0.266667 0.151515 0.266667 0.225806 0.151515 0.266667 0.310345 0.151515 0.225806 0.266667 0.357143 0.1875 0.310345 0.225806 0.225806 0.151515 0.344828 0.1875 0.15625 0.310345 0.407407 0.225806 0.225806 0.310345 0.357143 0.193548 1 0.4 0.027027 0 
0.125 0.16129 0.16129 0.2 0.16129 0.285714 0.241379 0.16129 0.2 0.125 0.125 0.125 0.285714 0.241379 0.125 0.16129 0.2 0.2 0.285714 0.125 0.275862 0.241379 0.25 0.285714 0.384615 0.241379 0.2 0.333333 0.384615 0.25 0.4 1 0 0 
0 0 0 0 0.0322581 0.0322581 0.0322581 0.0666667 0 0.0666667 0.0666667 0.0322581 0 0.0322581 0.0322581 0.0322581 0 0.0322581 0.0322581 0 0 0.0322581 0.0333333 0.0666667 0 0.0666667 0.0322581 0 0 0 0.027027 0 1 0.28 
0 0.0322581 0 0 0.0322581 0 0 0.0322581 0 0.0322581 0.0322581 0.0322581 0.0322581 0 0.0322581 0.0322581 0 0 0.0322581 0 0 0.0322581 0 0.103448 0 0.0322581 0.0322581 0.0322581 0 0.0333333 0 0 0.28 1 
